6 1
11 1
6 1
11 1
---
-13 1
-6 1
-13 1
-6 1
===
5 1
11 1
5 1
11 1
---
-13 1
-7 1
-13 1
-7 1
===
4 1
11 1
4 1
11 1
---
-13 1
-9 1
-13 1
-9 1
===
3 1
11 1
3 1
4 0.5
5 0.5
---
-13 1
-11 1
-13 | -23 1
-12 | -20 0.5
-13 | -19 0.5
===
6 1
11 1
6 1
11 1
---
-13 | -18 1
-6 1
-13 | -18 1
-6 1
===
5 1
11 1
5 1
11 1
---
-13 | -19 1
-7 1
-13 | -19 1
-7 1
===
4 1
11 1
4 1
11 1
---
-13 | -20 1
-9 1
-13 1
-9 | -20 1
===
14 1
12 1
11 1
# 0.5 1
---
-4 | -10 1
-5 | -12 1
-7 | -13 1
-33 1
===
# Loop 1
6 1
8 0.5
8 0.5
9 0.5
11 0.5
9 0.5
8 0.5
---
-18 | -31 1
-12 1
-7 1
-12 1
===
6 1
0.5 1
9 0.5
11 0.5
9 0.5
8 0.5
---
-18 | -31 1
-12 1
-7 1
-12 1
===
6 1
2 1
9 0.5
9 0.5
8 0.5
6 0.5
---
-22 | -34 1
-15 1
-22 1
-15 1
===
8 1
4 1
11 0.5
11 0.5
8 1
---
-20 | -33 1
-13 1
-20 1
-13 1
===
