# Mesure 1
-7 0.25
-7 0.25
5 0.5
0 0.5
0.5 0.25
-1 0.25
0.5 0.25
-2 0.25
0.5 0.25
-4 0.5
-7 0.25
-4 0.25
-2 0.25

# Mesure 2
-9 0.25
-9 0.25
5 0.5
0 0.5
0.5 0.25
-1 0.25
0.5 0.25
-2 0.25
0.5 0.25
-4 0.5
-7 0.25
-4 0.25
-2 0.25

# Mesure 3
-11 0.25
-11 0.25
5 0.5
0 0.5
0.5 0.25
-1 0.25
0.5 0.25
-2 0.25
0.5 0.25
-4 0.5
-7 0.25
-4 0.25
-2 0.25

# Mesure 4
-12 0.25
-12 0.25
5 0.5
0 0.5
0.5 0.25
-1 0.25
0.5 0.25
-2 0.25
0.5 0.25
-4 0.5
-7 0.25
-4 0.25
-2 0.25

# Mesure 5
-7 | -19 0.25
-7 | -19 0.25
5 | -19 0.5
0 | -19 0.5
0.5 0.25
-1 | -19 0.25
0.5 0.25
-2 0.25
-4 | -19 0.5
-7 | -19 0.25
-4 | -19 0.25
-2 | -19 0.25

# Mesure 6
-9 | -21 0.25
-9 | -21 0.25
5 | -21 0.5
0 | -21 0.5
0.5 0.25
-1 | -21 0.25
0.5 0.25
-2 0.25
-4 | -21 0.5
-7 | -21 0.25
-4 | -21 0.25
-2 | -21 0.25

# Mesure 7
-11 | -22 0.25
-11 | -22 0.25
5 | -22 0.5
0 | -22 0.5
0.5 0.25
-1 | -22 0.25
0.5 0.25
-2 0.25
0.5 0.25
-4 | -22 0.5
-7 | -22 0.25
-4 | -22 0.25
-2 | -22 0.25

# Mesure 8
-12 | -23 0.25
-12 | -23 0.25
5 | -23 0.5
0 | -23 0.5
0.5 0.25
-1 | -23 0.25
0.5 0.25
-2 0.25
0.5 0.25
-4 | -23 0.5
-7 | -23 0.25
-4 | -23 0.25
-2 | -23 0.25

# Mesure 9
5 | -19 | -31 0.25
5 | -19 | -31 0.25
17 | -19 | -31 0.5
12 | -19 | -31 0.5
0.5 0.25
11 | -19 | -31 0.5
0.5 0.25
10 | -19 | -31 0.5
8 | -19 | -31 0.5
5 | -19 | -31 0.25
8 | -19 | -31 0.25
10 | -19 | -31 0.25

# Mesure 10
3 | -21 | -33 0.25
3 | -21 | -33 0.25
17 | -21 | -33 0.5
12 | -21 | -33 0.5
0.5 0.25
11 | -21 | -32 0.5
0.5 0.25
10 | -21 | -33 0.5
8 | -21 | -33 0.5
5 | -21 | -33 0.25
8 | -21 | -33 0.25
10 | -21 | -33 0.25

# Mesure 11
2 | -22 | -34 0.25
2 | -22 | -34 0.25
17 | -22 | -34 0.5
12 | -22 | -34 0.5
0.5 0.25
11 | -22 | -34 0.5
0.5 0.25
10 | -22 | -34 0.5
8 | -22 | -34 0.5
5 | -22 | -34 0.25
8 | -22 | -34 0.25
10 | -22 | -34 0.25

# Mesure 12
1 | -23 | -34 0.25
1 | -23 | -34 0.25
17 | -23 | -34 0.5
12 | -23 | -34 0.5
0.5 0.25
11 | -23 | -34 0.5
0.5 0.25
10 | -23 | -34 0.5
8 | -23 | -34 0.5
5 | -23 | -34 0.25
8 | -23 | -34 0.25
10 | -23 | -34 0.25

# Mesure 9
5 | -19 | -31 0.25
5 | -19 | -31 0.25
17 | -19 | -31 0.5
12 | -19 | -31 0.5
0.5 0.25
11 | -19 | -31 0.5
0.5 0.25
10 | -19 | -31 0.5
8 | -19 | -31 0.5
5 | -19 | -31 0.25
8 | -19 | -31 0.25
10 | -19 | -31 0.25

# Mesure 10
3 | -21 | -33 0.25
3 | -21 | -33 0.25
17 | -21 | -33 0.5
12 | -21 | -33 0.5
0.5 0.25
11 | -21 | -32 0.5
0.5 0.25
10 | -21 | -33 0.5
8 | -21 | -33 0.5
5 | -21 | -33 0.25
8 | -21 | -33 0.25
10 | -21 | -33 0.25

# Mesure 11
2 | -22 | -34 0.25
2 | -22 | -34 0.25
17 | -22 | -34 0.5
12 | -22 | -34 0.5
0.5 0.25
11 | -22 | -34 0.5
0.5 0.25
10 | -22 | -34 0.5
8 | -22 | -34 0.5
5 | -22 | -34 0.25
8 | -22 | -34 0.25
10 | -22 | -34 0.25

# Mesure 13
1 | -23 | -34 0.25
1 | -23 | -34 0.25
17 | -23 | -34 0.5
12 | -23 | -34 0.5
0.5 0.25
11 | -23 | -34 0.5
0.5 0.25
10 | -23 | -34 0.5
8 | -23 | -34 0.5
5 | -23 | -34 0.25
8 | -23 | -34 0.25
10 | -23 | -34 0.25

# Mesure 14
8 | -19 | -31 0.5
8 | -19 | -31 0.25
8 | -19 | -31 0.25
0.5 0.25
8 | -19 | -31 0.5
8 | -19 | -31 0.5
5 | -19 | -31 0.5
5 | -19 | -31 1.5

# Mesure 15
8 | -21 | -31 0.5
8 | -21 | -31 0.25
8 | -21 | -31 0.25
0.5 0.25
10 | -21 | -31 0.5
11 | -21 | -31 0.5
10 | -21 | -31 0.125
12 | -21 | -31 0.125
10 | -21 | -31 0.125
8 | -21 | -31 0.25
5 | -21 | -31 0.25
8 | -21 | -31 | 0.25
10 | -21 | -31 | 0.25
0.5 0.5

# Mesure 16
8 | -22 | -34 0.5
8 | -22 | -34 0.25
8 | -22 | -34 0.25
0.5 0.25
10 | -22 | -34 0.5
11 | -22 | -34 0.25
12 | -22 | -34 0.5
15 | -22 | -34 0.5
12 | -22 | -34 0.5

# Mesure 17
17 | -23 | -34 0.5
17 | -23 | -34 0.5
17 0.25
12 | -23 | -34 0.25
17 | -23 | -34 0.25
15 | -23 | -34 0.5
-23 | -34 0.5
-23 | -34 0.25
22 | -23 | -34 1

# Mesure 18
12 | -19 | -31 0.5
12 | -19 | -31 0.25
12 | -19 | -31 0.25
0.5 0.25
12 | -19 | -31 0.5
12 | -19 | -31 0.5
10 | -19 | -31 0.5
10 | -19 | -31 0.5

# Mesure 19

